      北大法宝【法宝引证码】 CLI.4.172207

原文链接：https://www.pkulaw.com/chl/4128e36e7e1e938cbdfb.html

卫生部办公厅关于2011年全国创建无烟医疗卫生系统暗访评估有关情况的通报

卫生部办公厅关于2011年全国创建无烟医疗卫生系统暗访评估有关情况的通报

（卫办妇社函〔2012〕218号）



各省、自治区、直辖市卫生厅局，新疆生产建设兵团卫生局：

　　根据卫生部、国家中医药管理局、总后勤部卫生部和武警部队后勤部联合印发的《关于2011年起全国医疗卫生系统全面禁烟的决定》（卫妇社发〔2009〕48号，以下简称《决定》）要求，2011年8月-10月，我部组织第三方调查公司，对全国创建无烟医疗卫生系统工作进行第二次暗访评估。现将有关情况通报如下：

　　一、暗访基本情况

　　（一）暗访范围。本次暗访范围主要包括全国地级以上城市及每个城市一个下辖县（市、区）的卫生行政部门、公共卫生机构和医疗机构，实际暗访3340个单位。与2010年相比，暗访范围覆盖所有地级市，并扩展到部分县（市、区），暗访机构增加1447个。

　　（二）暗访时间。本次暗访执行时间为2011年8月25日至10月15日。

　　（三）暗访内容和形式。根据《无烟医疗卫生机构评估标准评分表》（卫办妇社发〔2009〕223号文件附件，以下简称《评分表》）中有关指标确定暗访内容，主要包括无烟环境布置和室内公共场所禁止吸烟情况。本次暗访采取隐秘拍摄、暗访员填写问卷的形式，所有数据均有暗访视频录像支持。

　　二、主要结果

　　根据《决定》和《评分表》要求，暗访结果按照卫生行政部门、公共卫生机构和医疗机构进行分类和排名，所有评分均转换为百分制。

　　（一）总体评分情况。全国无烟医疗卫生系统暗访综合评分为70.6分，比2010年的63.4分高7.2分。按照机构类别划分，分值排名依次是公共卫生机构、卫生行政部门和医疗机构，得分分别是75.7分、70.1分和68.6分。按照城市行政区划级别划分，分值排名依次是省级（含省会城市）、地（市、州）级和县（市、区）级，得分分别是80.3分、73.5分和64.7分。按照行政区划级别和机构类别划分，省级（含省会城市）公共卫生机构得分最高，为85.5分，县级医疗机构得分最低，为62.5分（表1）。

　　表1 全国不同行政区划、不同类别医疗卫生机构暗访评分表

暗访单位类别

综合评分

省级（含省会城市）

地（市、州）级

县（市、区）级



综合评分

70.6

80.3

73.5

64.7



卫生行政部门

70.1

81.4

73.4

64.4



公共卫生机构

75.7

85.5

79.7

69.4



医疗机构

68.6

76.4

71.5

62.5





　　注：省级（含省会城市）暗访机构包括新疆生产建设兵团兵团级机构，地（市、州）级包括计划单列市。

　　（二）各省（区、市）暗访综合评分情况。按照各省（区、市）总体分值排名，北京、重庆、上海、江苏和陕西排前5位；河北、西藏、黑龙江、新疆和安徽排末5位。其中，天津、江苏、陕西和新疆等4个省级卫生行政部门得分均是满分；新疆生产建设兵团、四川、浙江和吉林等4个省级卫生行政部门得分均低于70分（表2）。

　　与2010年暗访结果相比，山东、陕西、重庆、河南、北京、江苏、新疆生产建设兵团综合得分或排名进步明显。

　　表2 各省（区、市）暗访评分排名表

排名

省级行政区划名称

综合评估

各省（区、市）卫生厅局



总体

分值

卫生行政部门

公共卫生机构

医疗机构



排名

分值

排名

分值

排名

分值

排名

分值



1

北京

83

1

84.4

2

87.5

3

81

13

88.1



2

重庆

82.7

4

81.3

9

82.1

1

83.4

20

80



3

上海

82.2

6

80.2

4

85.6

2

81.7

8

91.1



4

江苏

82

2

82.5

1

87.8

5

79.4

1

100



5

陕西

79.3

13

73.3

6

83.9

4

79.8

1

100



6

山东

78.6

3

81.5

5

84.5

8

74.9

5

95.6



7

内蒙古

78.2

5

81.1

3

86.7

10

73.2

16

84.8



8

广东

76.6

8

75.4

10

80.5

7

75.5

27

71.1



9

福建

75

11

73.7

7

83.7

12

71.9

11

88.9



10

宁夏

74.7

9

74.5

17

76.6

9

74

5

95.6



11

天津

74.7

10

74

8

83.2

11

72

1

100



12

新疆兵团

74.6

24

64.7

11

80.2

6

76.8

32

55.6



13

云南

73.8

7

78.3

12

79.2

16

69.7

18

83.9



14

青海

73.3

14

73

14

79.1

14

70.9

14

87.8



15

海南

71.6

19

66.7

15

78.5

15

70.6

25

73.3



16

辽宁

70.7

12

73.6

13

79.1

21

66

8

91.1



17

河南

69.8

17

68

16

77.6

20

67.4

17

84.4



18

广西

69.1

18

66.8

19

73.8

19

68.1

22

75.6



19

吉林

68.6

22

65

21

73.2

18

68.2

29

69.6



20

浙江

68.5

20

66.6

25

68.8

17

69.2

30

68.9



21

湖北

66.9

16

68.2

18

74.9

25

63.1

18

83.9



22

山西

66.8

31

59.2

31

64.3

13

71

20

80



23

甘肃

66.5

27

63.1

20

73.3

22

65.1

22

75.6



24

湖南

65.9

23

65

23

71.5

23

64

25

73.3



25

江西

65.6

15

69

24

70.2

26

62.3

27

71.1



26

贵州

63.5

29

62.1

28

64.7

24

63.5

8

91.1



27

四川

63

28

62.4

26

68.4

28

61

31

68.3



28

安徽

62.8

21

65.6

22

72.3

30

57.7

14

87.8



29

新疆

62.1

30

62

32

63.7

27

61.4

1

100



30

黑龙江

60.8

32

58.4

29

64.7

29

60.3

22

75.6



31

西藏

60.6

26

63.6

30

64.5

31

57.2

11

88.9



32

河北

59

25

64.1

27

68.3

32

53

5

95.6





　　注：排名相同说明综合评分分数完全相同。评分相同但是排名不同的，是因为小数点后数值不同。

　　三、下一步工作要求

　　各地各单位要充分认识卫生部门控烟工作的重要意义和示范作用，扎实落实各项工作要求。各级卫生行政部门要率先垂范，加大控烟履约工作力度，巩固创建无烟医疗卫生机构成果，落实《决定》要求，全面推行公共场所禁烟。

　　我部将进一步加大宣传和督导力度，组织有关部门开展全国范围多频次、多形式的明察暗访活动，及时公布有关结果。

　　二〇一二年三月十五日





        © 北大法宝：(www.pkulaw.com)专业提供法律信息、法学知识和法律软件领域各类解决方案。北大法宝为您提供丰富的参考资料，正式引用法规条文时请与标准文本核对。        

        欢迎查看所有产品和服务。法宝快讯：如何快速找到您需要的检索结果？法宝V6有何新特色？